Dynare version: 0.10.4
2025-12-21T19:26:42.191: Starting @dynare RBC_McNelis5mc_julia.mod
["RBC_McNelis5mc_julia.mod", "language=julia", "json=compute", "notmpterms"]
Dynare preprocessor version: 7.0.0+0
2025-12-21T19:26:42.652: End of preprocessing
2025-12-21T19:26:42.728: Start parse_statements!
  Initial steady state

────────┬──────────
   c    │ 0.529595
      k │     3.71
      y │      1.0
    oil │     0.05
      i │   0.1484
      q │      1.0
   yhat │   0.6451
    mpk │   0.0792
  mpoil │   1.2914
      l │     0.33
      w │   1.9442
     Ck │      0.0
      r │   0.0392
    nfa │      0.0
      a │      0.0
  a_oil │      0.0
 lambda │   3.2413
  ymarg │   1.0448
     mc │      1.0
     pi │      0.0
   rdom │   0.0392
      s │      1.0
      p │      1.0
     rk │   0.0792
────────┴──────────

  Terminal steady state

────────┬──────────
   c    │ 0.529595
      k │     3.71
      y │      1.0
    oil │     0.05
      i │   0.1484
      q │      1.0
   yhat │   0.6451
    mpk │   0.0792
  mpoil │   1.2914
      l │     0.33
      w │   1.9442
     Ck │      0.0
      r │   0.0392
    nfa │      0.0
      a │      0.0
  a_oil │      0.0
 lambda │   3.2413
  ymarg │   1.0448
     mc │      1.0
     pi │      0.0
   rdom │   0.0392
      s │      1.0
      p │      1.0
     rk │   0.0792
────────┴──────────

  Coefficients of approximate solution function (reduced form)

───────────┬──────────────────────────────────────────────────────────────────────────────────────────────────────────────────────────────────────────────────────────────────────────────────────────────────────────────────────
           │   c_t      k_t      y_t     oil_t     i_t      q_t    yhat_t    mpk_t   mpoil_t    l_t      w_t       Ck_t     r_t    nfa_t    a_t  a_oil_t  lambda_t  ymarg_t     mc_t     pi_t   rdom_t      s_t      p_t     rk_t
──────────────────────────────────────────────────────────────────────────────────────────────────────────────────────────────────────────────────────────────────────────────────────────────────────────────────────────────────
      ϕ(k) │  0.0168   0.9337   0.0681   0.0071  -0.0263  -0.1788   0.0439  -0.0176  -0.1058  -0.0105   0.2133   0.0072    -0.0   0.0572    0.0      0.0   -0.2053  -0.0071   0.0053  -0.0036   0.0043  -0.0856  -0.0036  -0.0171
      ϕ(w) │  0.0106   0.0025   0.1601   0.0062   0.0025   0.0067   0.1033   0.0139   0.0525   0.0782  -0.1647  -0.0003     0.0   0.1032    0.0      0.0   -0.1302  -0.0167  -0.0026  -0.0013  -0.0024   0.0393  -0.0013   0.0137
    ϕ(nfa) │  0.0865    -0.02  -0.1321  -0.0211    -0.02  -0.0539  -0.0852  -0.0115   0.4123  -0.0539   0.0669   0.0022  -0.001   0.8665    0.0     -0.0   -1.0593   0.0138  -0.0206  -0.0126  -0.0079   0.3067  -0.0126  -0.0131
      ϕ(a) │ -1.1983   0.1946   2.4226   0.0548   0.1946   0.5245   0.9823   0.2039   1.7671   0.7467   0.1669   -0.021    -0.0   2.8214    0.9      0.0   14.6684  -0.1591   1.7116   0.9359   0.2624   2.3042   0.9359   0.3395
  ϕ(a_oil) │  0.0012  -0.0089   -0.063  -0.0477  -0.0089   -0.024  -0.0407  -0.0055   1.2653  -0.0007    -0.13    0.001     0.0  -0.0427    0.0      0.9   -0.0145   0.0066  -0.0052   0.0011  -0.0038   0.0809   0.0011  -0.0059
     ϕ(mc) │     0.0     -0.0     -0.0     -0.0     -0.0     -0.0     -0.0     -0.0      0.0     -0.0     -0.0      0.0    -0.0     -0.0    0.0      0.0      -0.0      0.0     -0.0   0.0928     -0.0   0.0928   0.0928     -0.0
   ϕ(rdom) │ -1.1514   0.0667   1.8415   0.3458   0.0667   0.1799    1.188   0.1604  -7.2094   0.7175  -0.7113  -0.0072    -0.0     2.56   -0.0      0.0   14.0941  -0.1924   0.3605   0.0299   0.9718  -5.5526   0.0299    0.189
      ϕ(p) │     0.0     -0.0     -0.0     -0.0     -0.0     -0.0     -0.0     -0.0      0.0     -0.0      0.0      0.0    -0.0     -0.0   -0.0      0.0      -0.0      0.0     -0.0     -0.0     -0.0      1.0      1.0     -0.0
   eps_a_t │ -0.0067   0.0011   0.0135   0.0003   0.0011   0.0029   0.0055   0.0011   0.0098   0.0041   0.0009  -0.0001    -0.0   0.0157  0.005     -0.0    0.0815  -0.0009   0.0095   0.0052   0.0015   0.0128   0.0052   0.0019
 eps_oil_t │     0.0     -0.0  -0.0004  -0.0003     -0.0  -0.0001  -0.0002     -0.0    0.007     -0.0  -0.0007      0.0     0.0  -0.0002   -0.0    0.005   -0.0001      0.0     -0.0      0.0     -0.0   0.0004      0.0     -0.0
───────────┴──────────────────────────────────────────────────────────────────────────────────────────────────────────────────────────────────────────────────────────────────────────────────────────────────────────────────────

  Note: ϕ(x) = x_{t-1} - steady_state(x)

  THEORETICAL MOMENTS

──────────┬─────────────────────────────
 VARIABLE │  MEAN   STD. DEV.  VARIANCE
────────────────────────────────────────
        c │ 0.5296      0.023    0.0005
        k │   3.71     0.0516    0.0027
        y │    1.0       0.04    0.0016
      oil │   0.05     0.0061       0.0
        i │ 0.1484     0.0053       0.0
        q │    1.0     0.0133    0.0002
     yhat │ 0.6451     0.0238    0.0006
      mpk │ 0.0792     0.0028       0.0
    mpoil │ 1.2914     0.1318    0.0174
        l │   0.33     0.0137    0.0002
        w │ 1.9442     0.0138    0.0002
       Ck │    0.0     0.0005       0.0
        r │ 0.0392     0.0004       0.0
      nfa │    0.0     0.3847     0.148
        a │    0.0     0.0115    0.0001
    a_oil │    0.0     0.0115    0.0001
   lambda │ 3.2413      0.281     0.079
    ymarg │ 1.0448     0.0039       0.0
       mc │    1.0     0.0209    0.0004
       pi │    0.0     0.0114    0.0001
     rdom │ 0.0392     0.0147    0.0002
        s │    NaN        NaN       NaN
        p │    NaN        NaN       NaN
       rk │ 0.0792     0.0042       0.0
──────────┴─────────────────────────────

  VARIANCE DECOMPOSITION (in percent)

──────────┬─────────────────
 VARIABLE │ eps_a   eps_oil
────────────────────────────
        c │ 0.9996   0.0004
        k │ 0.9999   0.0001
        y │ 0.9995   0.0005
      oil │ 0.9911   0.0089
        i │ 0.9997   0.0003
        q │ 0.9996   0.0004
     yhat │ 0.9994   0.0006
      mpk │ 0.9993   0.0007
    mpoil │ 0.9865   0.0135
        l │ 0.9997   0.0003
        w │ 0.9852   0.0148
       Ck │ 0.9996   0.0004
        r │ 0.9998   0.0002
      nfa │ 0.9998   0.0002
        a │    1.0      0.0
    a_oil │    0.0      1.0
   lambda │ 0.9996   0.0004
    ymarg │ 0.9994   0.0006
       mc │    1.0      0.0
       pi │ 0.9999   0.0001
     rdom │ 0.9998   0.0002
       rk │ 0.9996   0.0004
──────────┴─────────────────

  CORRELATION MATRIX

────────┬──────────────────────────────────────────────────────────────────────────────────────────────────────────────────────────────────────────────────────────────────────────────────────────────────────
        │    c        k        y       oil       i        q      yhat      mpk     mpoil      l        w       Ck        r       nfa       a      a_oil   lambda    ymarg     mc       pi      rdom      rk
───────────────────────────────────────────────────────────────────────────────────────────────────────────────────────────────────────────────────────────────────────────────────────────────────────────────
      c │     1.0  -0.7258  -0.9707  -0.8902  -0.7114  -0.4733  -0.9867  -0.9171   0.7584  -0.9974   0.4366   0.4733  -0.5176   0.4081   -0.213  -0.0101     -1.0   0.9867  -0.4731  -0.4967  -0.3395  -0.7972
      k │ -0.7258      1.0   0.6976   0.8928   0.4356   0.0478   0.8249   0.4499  -0.8748   0.7245  -0.3033  -0.0478    0.519  -0.4436  -0.2196  -0.0054   0.7258  -0.8249   0.0345  -0.0164   0.2779   0.3126
      y │ -0.9707   0.6976      1.0   0.8059   0.5365   0.2914   0.9587   0.9524  -0.6367   0.9854  -0.2083  -0.2914    0.307  -0.1871   0.4051   -0.018   0.9707  -0.9587   0.6446   0.6457   0.5359   0.8888
    oil │ -0.8902   0.8928   0.8059      1.0   0.7245   0.4151   0.9386   0.6481  -0.9696   0.8719  -0.5827  -0.4151   0.7092  -0.6261  -0.2072  -0.0931   0.8902  -0.9386   0.0749   0.0758   0.1517   0.4603
      i │ -0.7114   0.4356   0.5365   0.7245      1.0   0.9199    0.673   0.5328  -0.7214   0.6634  -0.8981  -0.9199   0.9144  -0.8752  -0.2931  -0.0072   0.7114   -0.673  -0.0945    0.011  -0.4132   0.3165
      q │ -0.4733   0.0478   0.2914   0.4151   0.9199      1.0   0.3875   0.3952  -0.4195   0.4206  -0.8645     -1.0   0.7886   -0.778  -0.2295  -0.0056   0.4733  -0.3875  -0.1199   0.0193  -0.5796    0.215
   yhat │ -0.9867   0.8249   0.9587   0.9386    0.673   0.3875      1.0   0.8579  -0.8265    0.985  -0.4175  -0.3875   0.5326  -0.4248   0.1285  -0.0195   0.9867     -1.0   0.4008    0.406   0.3584   0.7292
    mpk │ -0.9171   0.4499   0.9524   0.6481   0.5328   0.3952   0.8579      1.0  -0.4507   0.9321  -0.1859  -0.3952   0.2135  -0.0975   0.5634  -0.0206   0.9171  -0.8579   0.7596   0.7896   0.5052   0.9661
  mpoil │  0.7584  -0.8748  -0.6367  -0.9696  -0.7214  -0.4195  -0.8265  -0.4507      1.0  -0.7285   0.6722   0.4195  -0.7963   0.7375    0.437   0.1151  -0.7584   0.8265   0.1685    0.168    0.023  -0.2326
      l │ -0.9974   0.7245   0.9854   0.8719   0.6634   0.4206    0.985   0.9321  -0.7285      1.0  -0.3712  -0.4206   0.4589  -0.3457   0.2696   0.0013   0.9974   -0.985   0.5255   0.5423   0.4001    0.828
      w │  0.4366  -0.3033  -0.2083  -0.5827  -0.8981  -0.8645  -0.4175  -0.1859   0.6722  -0.3712      1.0   0.8645  -0.9484   0.9515   0.6159  -0.1203  -0.4366   0.4175   0.4598   0.3604    0.633   0.0591
     Ck │  0.4733  -0.0478  -0.2914  -0.4151  -0.9199     -1.0  -0.3875  -0.3952   0.4195  -0.4206   0.8645      1.0  -0.7886    0.778   0.2295   0.0056  -0.4733   0.3875   0.1199  -0.0193   0.5796   -0.215
      r │ -0.5176    0.519    0.307   0.7092   0.9144   0.7886   0.5326   0.2135  -0.7963   0.4589  -0.9484  -0.7886      1.0  -0.9923  -0.6421   0.0104   0.5176  -0.5326  -0.4533  -0.3728  -0.5821  -0.0382
    nfa │  0.4081  -0.4436  -0.1871  -0.6261  -0.8752   -0.778  -0.4248  -0.0975   0.7375  -0.3457   0.9515    0.778  -0.9923      1.0   0.7134  -0.0115  -0.4081   0.4248   0.5501   0.4667   0.6718   0.1537
      a │  -0.213  -0.2196   0.4051  -0.2072  -0.2931  -0.2295   0.1285   0.5634    0.437   0.2696   0.6159   0.2295  -0.6421   0.7134      1.0      0.0    0.213  -0.1285   0.9597   0.9469   0.7168   0.7554
  a_oil │ -0.0101  -0.0054   -0.018  -0.0931  -0.0072  -0.0056  -0.0195  -0.0206   0.1151   0.0013  -0.1203   0.0056   0.0104  -0.0115      0.0      1.0   0.0101   0.0195  -0.0008   0.0055  -0.0077   -0.014
 lambda │    -1.0   0.7258   0.9707   0.8902   0.7114   0.4733   0.9867   0.9171  -0.7584   0.9974  -0.4366  -0.4733   0.5176  -0.4081    0.213   0.0101      1.0  -0.9867   0.4731   0.4967   0.3395   0.7972
  ymarg │  0.9867  -0.8249  -0.9587  -0.9386   -0.673  -0.3875     -1.0  -0.8579   0.8265   -0.985   0.4175   0.3875  -0.5326   0.4248  -0.1285   0.0195  -0.9867      1.0  -0.4008   -0.406  -0.3584  -0.7292
     mc │ -0.4731   0.0345   0.6446   0.0749  -0.0945  -0.1199   0.4008   0.7596   0.1685   0.5255   0.4598   0.1199  -0.4533   0.5501   0.9597  -0.0008   0.4731  -0.4008      1.0   0.9863   0.7791   0.9018
     pi │ -0.4967  -0.0164   0.6457   0.0758    0.011   0.0193    0.406   0.7896    0.168   0.5423   0.3604  -0.0193  -0.3728   0.4667   0.9469   0.0055   0.4967   -0.406   0.9863      1.0   0.6764   0.9163
   rdom │ -0.3395   0.2779   0.5359   0.1517  -0.4132  -0.5796   0.3584   0.5052    0.023   0.4001    0.633   0.5796  -0.5821   0.6718   0.7168  -0.0077   0.3395  -0.3584   0.7791   0.6764      1.0    0.645
     rk │ -0.7972   0.3126   0.8888   0.4603   0.3165    0.215   0.7292   0.9661  -0.2326    0.828   0.0591   -0.215  -0.0382   0.1537   0.7554   -0.014   0.7972  -0.7292   0.9018   0.9163    0.645      1.0
────────┴──────────────────────────────────────────────────────────────────────────────────────────────────────────────────────────────────────────────────────────────────────────────────────────────────────

  AUTOCORRELATION COEFFICIENTS

────────┬────────────────────────────────────────
        │   1       2       3       4       5
─────────────────────────────────────────────────
      c │ 0.9447   0.868   0.775  0.6703  0.5584
      k │ 0.9954  0.9821  0.9607  0.9318  0.8964
      y │ 0.9309  0.8417  0.7388  0.6265  0.5091
    oil │ 0.9894  0.9617  0.9193  0.8642   0.799
      i │ 0.9613  0.9039  0.8313  0.7469   0.654
      q │ 0.9551  0.8896  0.8077  0.7132  0.6099
   yhat │ 0.9625  0.9032  0.8274   0.739  0.6418
    mpk │ 0.9015  0.7839  0.6557  0.5219  0.3873
  mpoil │ 0.9891  0.9694  0.9409  0.9041  0.8596
      l │ 0.9411  0.8598  0.7633  0.6558  0.5418
      w │ 0.9895  0.9666  0.9299  0.8804  0.8195
     Ck │ 0.9551  0.8896  0.8077  0.7132  0.6099
      r │ 0.9923  0.9703  0.9353  0.8889  0.8328
    nfa │ 0.9923  0.9703  0.9353  0.8889  0.8328
      a │    0.9    0.81   0.729  0.6561  0.5905
  a_oil │    0.9    0.81   0.729  0.6561  0.5905
 lambda │ 0.9447   0.868   0.775  0.6703  0.5584
  ymarg │ 0.9625  0.9032  0.8274   0.739  0.6418
     mc │ 0.8894  0.7816  0.6776  0.5787  0.4858
     pi │  0.886  0.7467  0.6202  0.5067  0.4062
   rdom │ 0.9817  0.9328  0.8593  0.7667  0.6605
     rk │  0.885   0.759  0.6287  0.4979  0.3704
────────┴────────────────────────────────────────

2025-12-21T19:26:45.429: End parse_statements!
2025-12-21T19:26:45.429: End parser
The number of labels is different than the number of variables to be plotted
The number of labels is different than the number of variables to be plotted
